start=2158.320000
volume=60.000000
