start=2476.349000
volume=50.000000
